return {
13112415379,
16189848738,
14161160069,
10854815053,
14467355347,
15288631308,
11888859955,
6902989789,
9571539368,
6519392938,
9950534672,
19906249869,
5984392169,
11531202230,
16443782800,
8442389060,
4608366981,
6191690500,
17397815028,
14735540715,
4800280914,
15008919905,
6673696455,
8074992329,
10647003073,
14036865255,
5411528144,
9234400444,
16049459977,
7291576572,
14533824966,
12254157772,
12491196707,
1978567704,
15152847271,
15224333929,
15119659127,
11522586128,
4624166933,
13496306043,
18544764374,
19486766734,
11378646556,
6991459774,
16698403752,
15189572720,
10929384959,
8914138770,
2099983934,
1343988476,
7192602115,
10704039025,
12288070635,
12010615924,
13334564740,
9486078458,
17937811527,
11455856742,
16975510627,
4337648249,
2283700668,
14867344334,
15628590083,
3381513727,
17711105069,
15596384948,
19922571976,
19565854050,
18451621226,
16308893137,
7176038699,
9823083489,
10061643890,
18438635236,
1026936139,
1100586445,
6411861224,
6034302752,
11686561296,
10083909700,
17775865254,
1008231378,
9205083348,
16864337156,
10367398032,
17303488989,
7202292662,
13606103769,
10058928026,
10598594887,
18940068281,
16474605652,
19018999245,
5535610734,
19640265153,
19021450998,
2071281200,
11130654844,
1414573102,
13000425601,
8737602449,
17538532679,
13990132817,
13379932310,
9662338861,
17748142305,
90567287519564,
17099847048
}
